(4 ((0 0) (12 12)) C(16:(65535 65535 65535) (0 0 0) (0 0 0) (65535 26214 65535) (52428 65535 39321) (52428 26214 13107) (39321 65535 0) (39321 13107 52428) (26214 52428 26214) (26214 13107 13107) (13107 39321 65535) (13107 0 39321) (0 39321 26214) (63937 63937 63937) (31968 31968 31968) (0 0 0)) 6
		BB BB BB BB BB BB
	B 0 0 0 0 B0
	B 0 0 0 0 B0
	B 0 0 0 0 B0
	9B 9 90 99 90 B0
	9B 90 90 90 90 B9
	9B 90 90 99 90 B0
	9B 90 90 90 90 B0
	9B 90 90 90 90 B0
	B 0 0 0 0 B0
	B 0 0 0 0 B0
	BB BB BB BB BB BB
	)
