(4 ((0 0) (16 16)) C(16:(65535 65535 65535) (0 0 0) (0 0 0) (65535 26214 65535) (52428 65535 39321) (52428 26214 13107) (39321 65535 0) (39321 13107 52428) (26214 52428 26214) (26214 13107 13107) (13107 39321 65535) (13107 0 39321) (0 39321 26214) (63937 63937 63937) (31968 31968 31968) (0 0 0)) 8
		0 0 0 0 0 0 0 0
	0 0 0 0 0 0 0 0
	0 0 0 11 0 0 0 0
	0 0 0 11 0 0 0 0
	0 0 10 11 1 0 0 0
	0 0 11 0 11 0 0 0
	0 0 10 11 11 11 0 0
	0 10 1 0 0 10 0 0
	0 11 0 1 11 10 0 0
	0 1 10 1 11 10 0 0
	0 10 0 10 0 10 0 0
	0 10 10 0 1 0 0 0
	0 0 0 11 0 11 0 0
	0 0 1 0 10 1 0 0
	0 0 10 11 1 0 0 0
	0 99 99 99 99 9 0 0
	)
